288962
532310
318127
2606
676531
321749
707824
476802
328089
659350
466310
456143
635972
675495
970027
664796
488359
53206
182881
7047
672164
950661
114012
885860
297150
970001
46794
682392
155339
237625
465645
715491
923937
244150
815779
868104
471884
542050
363515
983428
822445
378328
756758
629357
369788
862803
464345
3063
476530
671380
143491
674770
460481
906698
980389
107834
914915
336513
795482
888577
960068
35193
24278
239499
777766
877628
253230
248604
645006
536188
226259
134750
413754
274470
979273
420606
142411
562398
763311
505268
253647
968433
423459
497284
191455
451687
416209
70037
792891
76722
683421
159864
71919
6479
141282
371381
200456
961499
633689
809280
140575
139676
48106
796837
179812
113955
203414
969192
267816
816579
576126
469952
162368
500186
557432
832011
776231
366164
727060
892184
324557
565498
830880
934321
763936
3925
691247
639211
518804
999154
356418
62737
184609
343029
746967
978829
298914
379213
960045
733568
459632
453974
468974
496856
154996
115935
12411
339300
928425
709426
793382
294534
737300
696584
766514
266273
511262
53261
226813
3238
526272
940111
932533
67637
985363
679422
303987
943884
704339
80495
259894
793035
488581
520235
205942
144562
668070
409245
318859
752333
205483
770019
881919
550618
632520
30057
820676
577625
301806
561277
279499
583886
623440
46939
9260
622213
545584
710728
518192
975558
759788
761301
217362
222614
874915
678328
876661
292483
732626
575044
379929
946358
987823
657209
304489
654184
270205
376401
420081
412950
313453
404533
42454
399343
855110
994832
750237
154722
592243
697188
772102
871227
398789
688793
501004
72086
166112
66031
523273
902133
704486
455966
545068
2024
265944
544194
527519
912013
764955
972548
958148
278635
433715
513871
518414
423828
1897
442726
5355
327197
566637
999621
249069
777641
353803
470190
103943
462076
935054
425862
842417
77696
897164
507742
956523
117236
498256
985056
230798
178083
336119
303367
507945
892298
293915
844869
584765
98365
856306
391880
660144
336080
993035
352172
580162
805552
14913
295017
892839
620107
168522
308511
362881
690404
977316
48738
743754
162223
688905
874137
75500
501632
315450
345232
465549
434035
614264
248203
789156
445032
954586
820556
584121
331930
19703
633300
37705
304098
597374
699575
87729
673876
771106
960437
36499
689243
303641
362485
675654
626784
110370
939118
60795
925781
531922
24104
219544
224813
65742
84755
621911
492528
266921
387598
570105
723023
639702
840849
699563
473310
915238
931557
460144
889237
664806
919587
981000
407123
975477
814141
398131
43580
492396
945936
746341
780186
544297
324434
800369
562603
869015
901859
718692
303228
859670
305449
704183
708339
531126
38376
661490
813686
971290
344083
603380
810325
841597
435388
303005
475541
276075
944895
450791
711665
242123
812518
306191
828458
331126
748009
578687
677752
306699
149222
505149
872215
835317
345894
794244
65519
16499
511762
241275
221286
421074
496441
356271
541881
511441
755415
700304
441366
833257
456129
3085
412943
88597
190707
804382
240799
806965
704019
769760
831331
189049
696972
485074
22692
641178
81795
996276
356747
788061
734043
802602
93806
130620
900536
141337
179977
772845
573318
934386
606009
103145
428523
714213
248071
595270
944041
76001
199575
426174
519510
135452
386613
226156
383756
534943
594089
675180
546464
661924
486464
698938
866270
483395
149433
961439
773966
820020
318915
773124
800859
786976
58061
646210
520196
122496
873292
902160
608992
150204
581727
663934
34010
423358
854755
732939
178122
844634
452042
384965
168949
536996
792995
256615
850225
82107
14185
247561
282295
223826
935627
121229
37134
710879
302660
522838
636271
942352
520519
295879
813823
39574
761134
440251
553083
579831
726141
783332
293842
140380
933850
359617
861319
925087
978166
708768
987804
477369
388342
329710
709379
208903
86254
614656
402508
994653
254052
491576
770780
681940
818076
953297
18405
976811
973413
810739
864744
298822
328164
941781
428344
479682
938687
486076
252319
591956
230193
257529
995051
568186
660072
37749
339567
692041
73101
641074
384863
592636
52029
900034
921359
582474
677770
745056
122262
347014
735431
611120
263291
925828
281725
373872
231253
962103
924422
496266
839871
172890
805969
89800
477220
522737
319203
601651
926152
408534
706188
993956
744457
650598
897884
298183
304935
374865
282365
159174
327547
523744
362712
103082
49687
575863
391593
181357
384239
591038
114637
797867
546325
997170
494061
5097
231718
550936
799952
764109
939341
113108
32968
418467
416731
556238
266516
65392
370436
332973
305664
504572
742571
772896
422820
388343
69200
486114
611297
361837
813270
887045
110892
889433
249350
95945
798420
910404
171225
922339
435783
574039
574333
221
495501
941062
465037
683626
295970
505211
141290
842397
863054
493088
610693
343304
622320
942949
700403
609673
541209
73140
655373
289132
516972
782024
447733
598193
113521
9980
257572
438359
282112
619798
244288
382114
694909
660445
855169
495583
96772
303181
631655
261834
954965
564720
807888
416289
973887
292108
443064
564354
269234
355876
414739
910806
245920
513311
241946
838815
225510
996587
24387
473480
388043
450584
147065
161797
118211
354206
597095
284509
585268
70487
205873
175618
469165
279884
544760
497563
846573
950904
680559
207528
539405
787829
859908
860160
902375
164536
525429
235256
974926
495144
694378
726150
798671
734267
188614
928489
801090
494634
574429
612540
511855
504188
889649
409457
210771
346471
428660
912203
678842
22741
554586
329749
158085
166771
309286
276784
171225
777356
48882
911460
147585
648403
61752
421091
310677
185954
520323
17633
103628
458150
503063
140932
905710
12327
940688
418882
917275
775211
230656
7071
750191
864277
357111
304963
777493
849751
281682
156599
383564
162025
796929
192400
358381
904102
187143
305857
483912
778505
528547
860225
48423
653186
982897
595732
321351
783768
14402
653494
136323
228031
25068
14456
830
700923
576987
318965
395704
278951
780485
579790
842907
876083
882549
320372
177264
437704
649693
173549
597644
340278
650576
258738
344591
74682
99365
502232
526352
354830
334853
781091
939327
582002
55995
374304
216832
863993
576511
630771
103161
311907
130494
527578
257022
616852
687470
828493
603909
558132
790407
827170
814484
474921
350874
509370
813799
72930
183373
816490
103442
741396
374403
744175
620403
844041
182086
951882
521709
813003
349205
380579
942193
640224
452302
301217
532131
82723
195543
297785
36359
877689
212204
410337
842955
712272
313134
113929
888638
720682
110069
528732
145449
279271
793897
463865
990135
510363
998962
215796
586372
183313
286086
5193
511202
388537
817867
593166
567475
782281
264328
695706
517602
968211
352165
716096
132731
265914
102246
858329
113991
481691
687787
5111
929701
820195
8339
641131
255825
461901
791188
948222
110406
566189
8796
366788
413801
738966
457794
841685
928694
761651
572602
381362
51787
476576
228047
409146
311680
927498
437789
140692
558468
308220
233070
902359
229141
517784
358804
886613
471861
540861
28181
725649
371277
425602
922108
21819
83863
947540
603912
727576
413330
161878
720100
210324
279618
122629
310832
484239
954093
918382
669929
930084
215336
957751
639380
13922
977829
330132
185629
866234
516654
614309
878416
95873
815637
812536
655013
605440
637077
853244
133111
419550
325583
775720
490069
875703
552494
556432
421797
715799
527632
747490
888054
168590
596396
662154
55216
846796
833534
480303
957239
463382
606646
526183
568491
366641
111157
93928
736674
651906
31717
505131
454496
203709
207041
900284
779166
746250
578625
394800
196915
323740
784378
668597
732694
991303
935853
596830
620183
615079
571821
271028
501995
705741
585357
783855
69893
99888
310963
141319
801571
404442
339815
58343
311088
496800
716186
387266
728771
964482
620859
254998
657058
74778
166395
75353
105219
994561
148339
533854
376706
376618
170053
50820
590439
970702
582897
103767
899227
19252
587666
937260
974355
749737
242988
404642
925939
53392
525022
257746
457838
967947
132372
161922
112679
209909
998477
818269
517999
4342
799387
971103
375511
951384
445023
721906
419198
474956
481708
41570
529477
806266
400098
606659
93498
452899
707340
684805
150431
56272
339063
585752
808434
663388
143179
847136
839857
94254
142893
809290
257745
514647
890222
13744
964820
588399
881711
346830
121436
259488
824022
820600
825765
162389
979644
752837
753117
853673
88517
341290
409818
418504
191964
423155
278731
757146
891803
76421
760399
529531
578510
261224
263951
271885
286041
201217
132700
394991
420365
734998
66816
139609
341413
918029
506642
284774
224393
333011
762752
501511
45444
293792
328316
551095
733892
291332
18987
530509
22897
712035
740829
210925
65901
610696
328227
676039
68763
435821
877162
711088
65119
639832
318386
791551
42772
766661
612509
413435
783705
305968
214707
348996
7226
278079
113731
914779
785806
185183
238370
406113
251332
213825
159046
161748
430274
505372
262337
884186
735302
335863
172167
579917
711447
792463
108544
176087
902329
361438
439257
345164
17441
606396
696513
235394
492052
660874
74611
917783
421951
136297
510378
987708
18629
871714
36331
157183
266810
116442
35580
710841
640002
780664
163108
776936
16546
860833
179122
233297
692584
472959
156934
535818
285344
49357
320081
883298
620164
744022
941747
429892
100796
242470
55385
435821
62636
502156
820185
31208
865976
155193
232357
34120
847001
721932
718819
897637
535832
551513
94199
197420
990580
978952
749248
913961
180273
850078
511202
218256
876178
97250
942765
739252
231181
188708
994084
562768
116260
934636
201084
500026
824696
576164
686354
212154
165065
102089
711353
823859
293023
922620
182685
446674
771556
600209
9102
130966
682988
525182
572333
536028
556546
408602
985903
436240
256196
132270
205195
293660
829938
501342
674890
179832
777537
299265
996765
814557
695064
911144
780203
224677
444356
580544
606123
157682
604400
372011
434085
855647
256417
693066
496379
728572
872409
824942
136927
956834
212725
505024
808957
215777
800131
804478
972303
833701
762194
723431
339000
720387
191396
5741
278994
161306
873171
35347
392632
943098
689984
245446
981182
629754
389637
390499
690731
216470
599775
115739
929989
233626
407131
875719
787602
740635
656352
628180
827857
820635
921132
207421
123283
878650
800206
289315
91874
623186
990409
81920
1691
386164
755349
589710
404398
319471
520748
227525
90474
362813
114211
202107
497856
814217
848695
195468
835305
871425
438906
271956
658305
911575
195652
560384
60021
822567
724542
488335
902787
8900
826418
419943
860018
812377
756943
755313
177095
925360
357750
995686
77688
205891
485806
926777
654109
42934
384932
333927
257658
534720
329117
529761
172050
381070
605046
360531
865799
662605
293327
838145
910718
999608
609395
135939
85125
232479
389600
178388
119757
20144
710907
785363
837286
963899
49771
988918
670451
598099
215081
314705
333189
703654
433865
916359
491892
956597
2404
365966
167164
526887
100952
112210
107677
462470
5916
671916
136009
991439
969034
434486
311719
545141
855469
702577
913571
167061
549488
883413
390092
670946
562849
919571
547372
377751
789620
677571
829204
544043
998725
426996
221586
97140
526967
537598
610764
808078
254760
817203
922509
327005
657929
580101
693580
115659
402052
398158
844394
640250
332928
424514
556843
78036
822337
428846
815054
362663
2373
283536
953674
509618
379106
398978
18374
158544
956467
941763
767976
681345
569566
741162
594044
169717
526294
306873
760122
594856
564744
728341
571519
450117
697067
153247
721321
836896
692101
301845
860948
453525
618935
682846
715177
908610
851807
383028
358265
131097
489543
937016
905868
502757
504781
607591
751590
94439
824497
232996
505808
291779
832817
325776
779469
747729
712892
212856
404369
432280
45769
549466
914888
397492
667342
467122
797327
713624
192775
121246
219726
869751
895953
382560
256722
386708
329080
146226
46201
882318
498834
150364
827956
628819
912387
507100
93939
980069
777540
29324
110498
150513
295495
351935
88425
426461
292942
339288
926148
922925
438615
291056
854024
49889
41947
727793
999793
601256
330145
313077
698612
557151
393361
229350
145580
372794
275678
259281
254547
867820
369266
700645
538340
31379
79560
482522
849235
949275
153077
562541
853162
709039
482365
24420
623647
132425
40931
426065
65404
96579
988287
706195
346957
513272
827903
524107
789868
874508
739443
897282
91538
241855
686852
322460
740778
671089
340481
534628
676371
494268
897933
477360
771042
380370
756904
60582
344951
327222
176570
323321
82608
650077
980466
228353
509078
430722
890058
305373
693817
142042
537052
76525
536196
945173
42507
271365
754211
401600
486291
630236
78541
782282
431823
745194
72434
567106
745552
290466
32230
621772
231680
349344
658838
10732
951229
431947
427589
136412
40192
790063
439754
112889
781989
460153
262766
774011
755709
816438
330510
780784
948890
766586
283653
544750
70902
995534
282559
292789
249819
505063
192263
418390
467339
137170
292282
876495
252202
696142
171876
918812
924374
622285
741767
634236
635056
958779
45179
703405
138157
167607
637929
317214
791456
595773
814813
516744
380136
301302
561980
118503
444132
612549
769175
265286
814606
202338
838785
443452
280915
833405
558921
719354
880441
844481
989622
985248
301294
529126
490266
481226
115167
92531
248566
812158
82467
346947
985612
125410
267364
970845
115978
614097
54824
269307
64485
653378
698965
572021
614231
395239
937894
123108
327290
230010
160624
547707
494102
295669
885722
11053
733840
424337
894458
910154
922857
173129
913508
979843
608996
304627
916534
795099
93742
575214
301501
419341
61944
695949
681112
574403
514663
252966
622084
853280
990221
221619
950699
898219
814319
575616
714617
446217
923090
809188
598304
701959
160498
307207
731104
598907
863199
849068
728353
658533
547481
596102
779522
552284
10163
644469
830744
545716
131253
114957
680827
182881
151868
885142
539782
807672
795279
614807
793393
934119
322169
115678
487937
808257
464625
272461
135158
719608
442116
874939
792764
250312
676612
264730
290973
404386
671579
33022
461170
876177
761215
37425
204920
920473
475541
807494
748388
204218
149165
375356
989939
110771
688252
119791
458683
836262
985699
157478
341768
909760
779632
608396
445294
346130
606121
134270
520648
630686
63872
828323
139298
44252
761837
584162
832412
241357
916969
364171
262838
435226
456722
795947
34524
912196
474069
710772
840420
136731
252382
52838
511806
128909
164145
920980
335471
136617
683610
501428
919512
781746
479531
798138
445536
845684
998671
392920
705722
691979
661715
469706
120020
189408
399984
907685
675093
219448
109656
302400
167495
50192
46958
217386
175917
786064
384415
951339
806382
88978
794193
890455
425594
325242
855781
245243
259735
478672
21484
428601
102713
272901
691071
424974
424992
601285
578818
584423
854045
585471
7422
285950
430025
177045
560926
927079
316494
6261
77141
83964
65563
869791
125159
413291
365656
724874
352720
837993
758384
651228
295401
409375
117557
99084
563057
665084
677269
355595
100072
93463
349499
529338
803258
282733
583274
707365
908633
190915
389539
798061
177896
343966
635640
77465
569393
121382
580496
963745
588867
432352
212777
725759
808376
386667
798323
722501
899670
987745
438926
116365
575162
754983
35828
738052
967087
750772
326064
148350
101865
685716
710666
208360
642245
419847
295612
155992
384341
562457
418077
559414
531858
104330
711651
584579
402886
775539
32430
410225
94598
96739
271904
207590
945291
751640
979778
357611
522826
367549
595940
913163
975395
140466
597205
567065
723566
327373
886251
829497
161464
148899
165433
392804
892523
978352
310283
919576
168342
412085
147346
891430
604432
934146
285795
523233
51536
907328
258113
533945
146627
531563
934705
516598
518092
560352
677716
115230
259059
412759
936228
52914
481403
303371
864423
467572
535115
632795
140628
62284
552132
278766
739079
146572
702443
275793
992646
407444
249122
31602
603314
760408
615598
849126
821532
279093
915090
755564
477461
989484
833802
251218
704093
511561
351195
985735
51019
201583
194396
989037
584159
151950
708381
760849
936868
620038
526098
937765
426463
325525
412818
354104
453045
102573
722025
66250
265143
957095
889403
186615
82373
636965
194667
315052
238808
84985
818316
987176
438485
868018
731278
912898
964532
839468
541351
71714
29575
41851
808205
429214
656366
223298
402358
687636
514015
63526
348331
883255
313922
725645
191157
26956
99498
400824
146557
524199
362186
996542
730179
547265
293518
832637
392532
539849
338222
654553
631915
866020
445503
443981
315528
435746
522653
727031
334037
177591
517337
193035
463272
246530
522829
155142
909792
439541
853463
814582
590318
420483
80043
785382
15511
1151
79198
954277
296129
46640
401750
161402
876972
25725
461184
593763
497392
854524
364302
714325
357645
711893
283899
832885
222
797617
185506
60139
973565
218441
790027
175773
618026
644415
254722
882193
284384
535835
266823
136446
636079
121335
436988
408837
130221
701445
794174
880916
21514
419252
935041
363084
797996
322862
66062
504266
892761
509684
740307
347992
646212
576382
942433
786776
778006
226254
433089
486542
331643
928671
542840
413930
317843
170858
892253
512160
123796
934007
854689
385363
389322
230005
637306
574379
641082
813193
986527
851306
478929
473035
343224
714071
79381
555203
918908
68128
289170
408852
331618
270231
349545
584591
266602
24060
472116
26984
122815
224182
790550
566425
977816
446892
972254
360099
36393
506240
392569
408369
600243
301980
678037
175232
31039
136250
710050
513221
308718
948079
939424
68117
442826
882539
169546
224272
722235
657090
44960
495200
662263
522218
114744
517717
964499
158563
383083
141610
418677
390309
711201
832015
124640
869698
186946
644064
105981
472585
643218
122098
828143
983217
922831
362687
722372
410570
310362
936999
789354
794419
367415
930271
663183
945576
262948
390886
328385
955753
386036
490214
164396
906399
638074
961812
173755
63996
511091
104900
859806
984963
576446
421486
617919
631604
555195
521831
389780
64988
541623
795014
360518
273927
212502
283313
383125
573803
462519
246915
82864
496078
812645
240267
936088
317925
163194
926570
230788
660459
516862
710390
295765
694401
565988
552123
418372
985240
519449
274012
917784
76948
254676
963341
533039
333445
466373
378827
226348
385934
623005
796703
239390
343581
929344
360489
489470
319733
203887
897248
778548
973069
704403
310857
305966
142242
677134
107536
7824
385019
39538
278191
229221
269980
315673
342896
253760
388205
616812
450135
994497
715056
82037
635942
683368
942859
549463
317553
161033
56904
890071
803559
481097
577454
189497
190298
842263
945494
670632
198500
966655
550402
201345
138323
597958
10136
840591
353779
966523
279113
637521
247037
935094
464729
990038
911942
197846
442728
444735
892361
606462
551399
355058
999251
803980
500066
471934
579820
675836
392955
863818
823313
150654
908692
95701
893646
484159
741195
950390
420438
757168
708095
38379
921509
673782
133802
390481
237922
64922
952381
955382
333164
621921
351703
191575
564741
683204
445632
153463
601176
32052
102401
845862
4878
185325
722708
345773
641767
567381
733458
31976
923485
507901
462822
131663
207697
381605
526695
50236
911674
31054
731273
367489
834108
32061
136962
450443
422521
872660
688346
308771
917619
800606
963484
642074
623595
159004
945360
22531
310242
211660
10310
885826
538757
183591
227905
756948
521523
897751
204711
863214
817466
754213
268698
158734
864632
873819
690287
378438
660040
151877
867401
955113
370774
417493
802421
165199
201883
693938
876025
911610
641261
183130
282340
186061
143258
833933
992119
668700
930298
270970
416796
295389
416834
123187
393832
322094
327477
506593
354610
162225
545844
438498
614378
658549
959384
488
542391
970267
302224
705987
735793
882437
72773
916120
209645
400557
940246
720300
951042
241306
354290
782045
51009
521547
841969
963420
754695
646207
644673
216069
758387
123482
82692
745602
645100
174674
324927
324706
825391
771946
465671
152189
181627
499892
671697
975120
951244
423251
191237
659709
121711
43899
96478
517714
992759
815917
519043
286979
657116
967057
96408
983037
432018
40310
377543
1346
77633
850707
122954
228097
227394
666211
461582
257101
802607
761097
802193
61415
701000
228400
684975
643062
235061
620560
156499
34809
312682
832685
837905
498346
936798
695468
621182
305194
95367
916760
620672
902993
659624
78660
220065
21945
935555
120450
652903
8091
958354
622164
163535
474459
839130
65012
730050
848106
246219
990430
275655
614982
464158
449336
846595
407261
776410
213215
251573
374293
308707
234419
846803
909704
684807
521564
697289
621656
965020
430289
744601
195981
324109
6462
647457
873486
285621
617380
107125
618752
880710
148607
796335
395228
897045
746493
753872
716868
707460
564732
153704
364808
454022
476820
41272
114720
507370
379260
732011
94077
848035
824124
633729
734477
675049
279538
419263
576576
499922
199878
979277
806766
403730
237285
387780
505177
128322
620128
925484
285463
277556
84452
464628
88474
918626
723587
353832
293262
378526
29930
565690
986780
27329
701437
633498
86360
375701
422209
217032
98272
334074
966172
969783
802745
222207
297359
492602
683354
377120
156569
1407
201998
260865
144000
312861
227890
462785
315331
624087
3070
140749
670883
850812
904483
77045
315475
239093
646427
297366
151310
942112
65988
821810
40337
975150
119502
932327
167639
538360
412338
770021
103465
998570
375971
651098
880206
806290
23186
809837
82958
473243
347232
461010
834274
899250
157014
722643
939883
859023
126257
110228
756862
844154
841835
875750
237578
483837
778918
125865
263738
111544
460026
370909
646535
610098
896817
490379
88957
989136
788496
142523
964198
802445
500067
674947
122359
30159
2532
139150
345061
494949
427364
173737
103788
579093
453801
768683
901810
376110
415721
719870
741765
527713
26033
705816
735179
430814
887494
447151
836936
196222
97241
466562
122882
426699
607748
677167
998924
779783
372371
959042
393142
124301
376015
901647
707510
564556
242143
245571
250985
999831
466137
74974
178991
138308
268169
796202
156111
92167
307587
232541
288858
210121
412253
600616
921486
133413
674905
580466
486651
673784
278445
498790
903174
530546
729558
966993
386202
509527
8376
212738
789439
368381
845641
44944
44929
960252
670342
240980
652610
162090
863474
110111
441682
502804
430297
86884
901316
772885
423948
324073
954140
948135
479264
80190
78729
617060
283322
453595
457655
596140
732576
123655
377733
176214
34279
346530
855180
754749
426549
854328
375235
40805
528450
440416
151688
359498
990005
814829
494428
377980
164598
396461
956841
917197
818197
655822
30689
385544
182280
213600
800712
387899
485648
897296
764074
287821
578911
811946
910731
569318
61861
793651
561387
253522
693825
180651
409793
754430
39471
803467
775274
990647
501209
384103
944973
360403
132285
103472
646643
347249
104481
546690
257540
555628
282953
92894
383333
101772
813020
479022
266803
753566
761323
557129
887533
686283
392215
542028
847502
366879
238680
284396
658312
473279
184508
872557
471067
629083
185098
259957
620918
499528
918476
22684
191916
660337
93012
314674
927362
909602
683341
587802
13781
901690
47226
75890
73068
466636
663672
186906
929092
673705
961466
136990
400283
975440
731277
173890
806115
865774
648089
159763
202740
543772
276013
741280
757018
575555
110634
330500
565892
932193
220391
433981
605894
919551
547086
646372
329501
428786
227019
388277
858880
9202
158138
87909
379588
904779
434478
732936
446062
717702
783961
539833
690579
720597
405256
868972
92383
14878
239117
657559
411736
723061
665169
504412
208795
103042
688036
309185
958526
189424
24835
255323
631281
247658
592279
766562
713433
551639
785497
297082
816006
347996
107272
888370
338027
546209
317019
815491
873730
449181
470398
299140
889710
511098
507669
821600
208960
363811
789567
35125
784988
888118
692223
588057
881624
640158
28451
126673
755006
366845
376494
340947
280281
437767
479339
937338
413860
859345
89779
782530
948796
267381
600252
448090
509480
537443
917028
533034
715681
184289
335628
979344
16974
850710
426006
38714
594133
103083
293765
475562
506959
643322
874322
304315
551751
668972
709885
184094
623050
412957
925721
362150
578738
829142
276047
386824
315464
552825
150079
453338
792194
325610
240019
809318
3623
129666
414319
792029
61561
711947
812081
512826
825080
282825
505145
101273
236741
454109
409046
248964
827132
860441
997276
896373
39273
163610
286242
307515
221316
634118
124336
720629
9563
43548
963599
990929
452597
741109
975554
332813
40005
951843
326868
697518
949313
663322
461603
870791
369092
684499
155006
124488
5421
854773
166723
727561
728166
859988
716985
759590
889108
415101
745188
927815
782453
512557
554528
903916
799679
621895
425463
141961
916769
208096
665344
53000
967684
41266
650939
754992
680611
955801
390211
576918
789559
426320
930394
538158
769720
420676
371765
102237
226176
364979
448953
949087
768262
799322
462296
293491
780285
655834
540111
691840
52103
631842
101963
80800
333338
423118
959882
294958
80066
759078
405360
633918
871613
601696
602703
995863
678308
139080
597826
622269
141284
979381
287394
212494
569795
817172
241174
195592
446506
551422
953702
718472
755535
270378
614161
929103
94630
928853
941580
437963
810551
22097
983316
767259
430335
956732
138690
320966
170075
708046
216221
101871
286245
453523
579999
910934
383674
715405
127328
632542
533517
906074
332387
289093
894181
507082
92288
90979
270273
273170
129713
861214
92370
319191
308680
365798
320596
164581
974874
691273
357195
93413
194785
16324
343957
762144
47177
783229
229791
707544
300118
337755
758956
731939
585660
359835
332618
7660
74157
113151
50600
780911
554893
684647
441385
159242
555347
71317
366024
614505
455308
819552
887776
357286
918314
563055
510602
269596
743213
305442
931537
303353
867358
744075
921879
320609
27141
491013
803794
119447
721615
563089
195121
152244
265930
680702
943292
921313
213656
898245
734650
499075
964781
471255
553523
308161
664877
117529
724356
554399
598876
28214
388028
536381
35228
866718
806148
103660
336067
531846
136832
978056
256183
831504
529641
336352
944024
64922
983536
123498
703182
316318
441697
900173
795908
994571
681694
329450
525933
830881
749842
283485
413902
760458
27239
128218
542738
638247
883155
535312
593509
875759
576193
571507
603428
927540
577615
376299
880954
37463
782357
496871
429106
262122
892754
166917
275572
162121
931933
845125
50940
408758
31203
134315
468814
158031
39933
67048
692919
603578
424412
516295
890633
598198
80598
718717
558068
484137
621520
41259
532589
468204
139605
592948
235741
592456
194361
855297
687533
768192
30637
704157
777997
313550
307245
504008
247198
882277
89761
12087
128074
125898
306274
874411
366957
769355
481487
34731
365705
642955
89387
236680
460538
589052
461249
922514
859440
494029
2021
339927
63806
351424
613218
255806
914845
599111
114349
355344
964319
348591
495016
442236
850812
479598
246143
654829
941736
195838
834168
819503
92975
690516
326104
116541
200772
483174
704716
369791
677129
434854
857924
428119
11257
208699
624250
42866
577074
780297
389006
617417
802300
927518
837827
324556
702407
331933
586919
621052
579407
4502
640998
551634
618015
983553
223197
42112
255296
353950
145202
208790
947238
502063
129075
117040
751617
679616
407996
509170
236683
437162
459415
626895
695407
10961
688242
393763
459161
664321
520514
586155
199415
78854
746954
455076
117487
106872
610398
521266
578664
353560
898037
732970
873567
81047
258705
229407
701228
969882
563609
256449
421208
373638
430942
602079
833322
195696
67678
624329
410631
699766
621021
247765
644653
574716
597323
791470
512529
572904
192023
647464
580604
936039
363098
428532
494969
206795
324580
810220
941067
631692
13505
166950
693602
769224
897578
927403
859268
268903
677442
155923
82076
219194
766717
765909
362083
577086
665588
727025
170692
703410
190197
355578
418800
344972
442670
38765
854415
558482
904649
381498
759643
663801
616808
15304
8720
63412
96964
956346
960776
468667
229915
986338
376365
130889
120370
394550
38625
78971
810712
223633
868796
568121
203478
912547
978792
125871
438529
410081
352589
994804
672074
329981
633016
565895
527708
933374
335871
526827
7944
94876
681563
592532
73675
556417
488556
290837
124605
199942
333942
267093
833531
882460
998413
974169
673907
542118
254776
213634
72566
810791
838648
397914
242419
14235
169323
18705
481893
476797
431396
483730
669920
976059
297161
407838
323215
552507
413800
677573
917739
365019
263563
891016
560907
885560
797
940154
374805
743716
163188
135586
758509
361549
319478
102962
808076
102193
254597
605696
165117
262752
100471
656335
104328
448075
462646
249274
117571
198917
461215
199185
350134
501594
382411
424080
891887
65333
917239
939469
176818
104774
160540
841305
55827
271092
611414
246202
742508
462097
190468
290458
763032
33598
263505
576051
922240
728525
662223
592620
898072
386585
413926
541998
816469
551288
989765
568777
646127
947724
329782
694738
174660
700080
377222
144882
638493
306588
786425
736711
607455
306629
713067
509918
500963
152224
373162
562885
576680
187122
47098
449535
365077
832653
559703
22794
553450
324212
553642
163484
443005
416444
961076
759378
762234
377089
658276
951201
506896
598327
664634
330664
934686
570809
888248
365732
244051
910093
511198
811106
440351
217668
707264
45813
72039
891451
319020
249253
991201
465466
306681
833385
477526
5000
188253
151593
262085
235730
719661
205346
682238
236389
95238
330296
716740
491328
797987
651331
72333
347720
770096
602253
285710
379452
128564
307883
254352
378537
144379
952489
345492
845472
429661
906203
143337
27943
399260
384528
722980
960222
318110
853021
738016
270902
6512
795657
203408
178720
256733
115570
165164
918714
893334
281486
810349
931895
270856
583665
537819
221111
851170
913613
377862
262024
614844
966746
933581
686932
829291
105817
896548
915925
990837
54182
576768
791068
998704
543562
229705
540111
918603
741845
671742
451397
5490
280338
210798
201144
562922
679256
308613
838532
36201
264534
644189
24045
786907
140443
943510
48670
31233
410131
259558
633921
556151
688855
924986
195285
460063
339839
867371
140371
268959
583687
776805
668486
662722
365985
189824
825865
352790
339290
212101
150770
305697
522301
942834
646594
150479
483914
162879
253825
504149
527874
268016
583123
541904
60865
360832
330095
989479
45014
934913
989010
790558
379864
161843
107316
78761
396775
522595
491642
430798
749155
969749
772516
277139
347780
310919
5915
682866
11016
739808
656950
641954
450646
961385
713627
547960
219544
966421
934809
86972
161430
728976
359724
671565
820587
102897
535016
862903
468844
358253
621891
526729
503601
163483
802063
469439
165057
441300
20000
908983
740085
187787
322915
536315
830765
282811
422568
135994
205309
731690
153323
460114
933223
100138
534130
622869
445070
515953
920407
420312
794876
694002
916741
172721
901886
695187
861853
917848
548591
401795
814224
984550
522056
290091
852687
56297
68575
639332
415503
472370
27616
695522
553819
642659
902802
980000
4866
390359
123802
583898
270862
684435
964552
231291
326025
45090
267109
396838
259362
128811
184650
263901
276210
887607
535563
769209
478203
600222
239869
267725
792847
594823
477185
605714
969043
127366
671253
224401
32320
425003
319189
413090
336841
199671
977158
735706
728877
313185
484518
278559
667902
538127
723207
747164
632145
61784
398684
167136
110523
225677
582874
885976
844221
94461
946344
378520
212073
495996
133415
888058
774274
362993
371066
807152
125765
740494
765459
985318
554516
263817
227
547212
291499
924354
710952
457135
789096
961959
198615
174131
820572
490591
257604
127437
477043
961549
115007
861931
774275
91959
326094
396319
181343
371708
890249
419522
138647
935379
144928
820628
595755
363752
611718
955338
778947
144421
689618
617963
220674
453143
96718
703153
196279
881329
501383
475774
470972
161287
699074
257329
989486
585237
677128
576546
757424
287649
728824
762041
815327
283213
181023
152169
136908
447796
965852
494795
926128
139833
800295
698402
731759
840901
654481
805329
275818
45521
459687
396110
680820
807295
470521
924577
580894
962821
739619
332766
823345
772576
693715
186669
654796
744137
461258
498942
440989
105574
673885
125055
86691
91856
130783
247112
343640
893797
59297
224830
600913
240619
68721
73494
509852
508148
611242
242035
504626
132691
181019
885713
98488
987498
672981
74499
178569
739370
454744
687785
923075
614395
116237
809981
862165
162323
465338
571045
425304
477928
604134
631878
394012
650988
953938
111453
763400
96439
787060
281542
456629
71582
922671
868490
290808
219902
159746
777512
196165
799030
564625
602679
202232
61181
656600
478268
539273
119329
944433
688177
274962
491295
644839
917798
993081
615235
505662
30901
576944
986717
792958
417303
706184
334008
967533
723112
731476
354520
928703
221656
975117
244009
144857
315010
799762
896013
575299
909442
804121
626902
39450
598089
695606
918545
144728
989266
140160
780800
120120
779041
205175
338081
94092
839232
208647
454555
771177
898523
951964
185193
579233
921597
110238
766010
371899
292684
987948
533912
403916
513412
447806
870222
359498
430714
868505
558052
363552
759260
122403
768438
958285
540907
472677
779727
84691
462165
703572
49137
298430
960427
469335
313785
40288
117149
408905
930742
517290
813116
911162
938656
194390
988865
805991
7632
796478
185034
909436
245569
14841
927940
892615
569178
21178
862163
873748
520748
301890
812293
555691
156274
121905
823542
478728
59158
237779
303363
563581
326663
211834
900448
534
790136
800443
966968
640910
831643
740016
452311
480100
667689
38739
579425
857340
523535
241093
767203
99068
677131
899618
603026
934235
45536
7616
907117
940832
91453
689161
690039
905678
782593
942244
93952
400338
934908
101107
772322
78560
508247
570177
868136
845467
826292
237995
223213
58069
61616
419937
358463
814826
123220
234444
290210
178957
386996
279316
386446
904354
854150
489095
514651
504147
289869
668925
595731
626814
746828
104395
51849
86839
151159
342742
315290
792225
251158
780946
661502
894366
372127
553189
482826
732672
864491
490943
363989
609361
721857
121156
680093
7578
382171
818773
720821
155564
515003
528281
42289
911586
711985
14011
525966
233243
569353
955615
896819
358308
321232
822125
244286
194198
266369
376804
569745
927372
574943
501473
722363
686787
77366
879765
127131
939474
209145
109441
967768
476168
81013
540967
995962
384432
6855
346711
309591
718681
911105
195869
272907
73695
412495
157038
103929
850994
488593
566586
231394
837420
957854
832462
856564
762261
522547
153530
684114
798811
136022
342627
823730
19797
7465
626326
526921
124668
626088
318129
21243
197366
783137
844787
444135
382716
874283
848889
329292
450854
968108
514037
299950
550072
251575
425910
381753
674833
616137
705880
558784
422490
658842
193853
979765
608785
374744
306874
614728
396925
396471
804780
466526
211009
34318
678102
522958
410023
174353
151537
420300
563579
268869
561209
327706
763052
210477
406465
392397
666218
210193
340287
895478
915001
345767
116075
699661
488831
695914
735585
840242
312852
635806
476765
716797
788395
302633
503071
88675
455286
316778
926108
149496
12358
520925
161949
690299
863478
240343
148195
428184
864906
216902
485925
244244
410923
581383
945015
987835
787946
390193
910291
369500
612510
151160
657511
839812
263053
818073
279457
999159
12698
130139
793754
716952
833360
813616
473041
3072
65850
427455
384356
191203
92434
514708
956991
672811
562635
780324
253610
906935
192809
170098
150011
900413
553676
985872
764642
712119
423349
656915
111721
743856
595177
843953
326356
809115
762187
955974
476109
680978
738312
692833
285567
19475
548452
110278
8853
769872
241715
30366
194316
219355
529982
284342
884788
660677
456366
990007
201470
718250
652604
744541
210781
905846
190145
40006
640050
689915
853505
633199
385005
617336
77949
636595
241939
277793
861564
897266
112257
373948
882715
501027
219808
524504
390107
264611
900069
273505
603340
98934
11422
203732
458019
136123
102814
765210
685897
656245
35485
339033
184656
691362
310320
833610
974373
732764
291676
945956
683552
687319
99664
447090
905253
756062
469068
564877
810487
715103
279328
730246
598186
893714
174570
913571
319553
275608
69691
327682
60414
754584
671600
384532
830730
861946
51454
257312
539476
313180
768785
789610
748651
353579
452389
565635
146168
505395
591083
548347
408887
69136
345348
42491
755191
894122
595228
387542
686895
125687
763217
439206
11974
531454
725674
529721
754462
377928
19385
792982
305276
40442
806257
482024
538529
354818
5948
929842
361507
816874
923206
791821
86929
982320
305750
494852
350906
770349
303565
268414
545436
69367
261961
908065
450614
544617
215675
336240
17315
399890
207440
338322
797099
556108
308192
288746
653383
619457
535910
481696
235022
348323
781624
706990
491092
392550
781035
127597
319826
114449
971672
879022
200961
163323
661857
609959
546952
189228
593235
981026
1942
343427
796667
598923
36577
798385
412737
275850
715805
217260
694486
395118
491264
673696
236021
413650
480232
68380
968144
232476
295220
720014
362028
116260
42683
261778
445635
241607
355557
959748
448961
999573
596592
308145
543461
819231
710598
785738
788609
976759
631991
57978
597781
985697
446763
132158
139879
154387
401593
487022
899888
799061
407912
555625
449045
45861
440900
282355
483351
576830
704382
189851
520912
651027
934074
145397
875365
541232
802965
187223
249567
694452
608569
429400
459175
949104
900863
95635
128081
52445
890687
295365
143203
786108
558261
534558
463298
483078
640825
983708
824185
865430
475284
824245
41867
782838
374422
161424
392325
197484
253464
536823
729007
548819
270211
844759
758647
798065
883083
857000
129970
287014
971469
388854
9636
449899
757192
845522
396619
526212
667100
127016
681469
959876
777442
584999
188044
888353
842395
502152
625732
353344
333454
581304
270175
556342
252468
540213
792842
652033
464525
815058
648005
871899
561288
68963
365442
151214
287391
549215
160698
472582
627102
623239
888297
407809
702862
871667
725147
393796
6288
293257
184177
513623
460170
789094
757216
482657
105345
467609
217689
17199
24084
716175
969978
814908
927974
534790
108330
678196
121500
317467
543955
597173
930548
86596
941544
237136
285907
119159
73955
643805
269299
108181
58268
99664
934404
682252
396799
332936
525742
87731
310094
560528
125173
274018
322531
252025
876803
626036
191594
179752
356115
313970
360666
551576
934869
547152
314336
738894
549668
931678
173161
724915
782921
833813
880634
63189
155638
987683
392195
274800
317860
187703
532539
128322
401179
231774
267395
388299
347119
127510
702432
262003
411961
533394
8971
813861
780912
502575
368499
264401
32807
48460
792060
199781
414726
561385
377109
126859
867793
549380
846797
927741
463092
289952
619749
244441
555277
945337
229774
871754
513851
583208
694240
188123
319512
780672
34422
852660
695858
994019
691886
856042
825918
306894
80237
488781
399778
493427
530428
407547
504588
413683
959317
707600
539768
434621
989376
145057
459387
536440
563282
200417
454375
821968
869805
206619
530833
165706
662324
810010
642648
765635
909351
362967
541521
40851
296318
89823
463509
519172
485364
644795
424896
699456
957431
976171
475147
173809
317977
786746
769086
755397
79779
427908
511549
327841
34148
198857
416693
441502
747787
166316
278631
790938
622821
469485
407629
137371
714422
668018
523867
201506
386794
276478
917512
17824
898687
406865
408251
6983
549887
318688
347691
245701
64275
276992
397651
707940
908429
770702
626410
296216
307424
756505
596206
49609
584249
580997
951621
24253
515216
276451
721511
751001
155505
540054
535745
458622
929882
791955
582280
721879
753135
6910
131958
766069
226729
369468
84295
588638
190306
163145
542949
806235
898395
863044
341380
167349
730900
484689
348395
712952
917625
662269
142107
237992
212609
441215
315828
251729
690659
806343
643753
654219
838382
582515
125462
418061
44199
813023
146837
393684
554205
730897
483925
57968
252703
871778
706061
183414
577652
383120
721095
61007
509474
158517
597267
192285
963788
639326
845512
620420
718888
898991
572520
320290
42784
349382
922826
44185
581575
762659
581312
564541
350013
546160
850256
896560
866801
993975
407201
839564
924334
942261
958151
828095
888868
608177
685698
569574
63484
421549
825388
172806
985191
895741
790861
638541
288261
287294
347235
895427
213403
246362
962308
380484
388479
624629
39108
847332
705444
289574
510751
246274
427999
66326
716893
393794
104638
964941
838253
10423
789369
803712
735052
946145
686743
100991
773260
235951
173269
916092
325955
249503
735508
53437
177503
752693
485825
279612
223887
938233
812359
730112
692849
463381
426752
987001
979754
718959
123123
43256
948830
767793
326566
937259
555893
159308
963886
33063
455405
220338
886924
796481
202343
854709
369818
321944
57257
128600
434181
818838
748488
202791
992716
207280
93431
264494
268882
314301
732896
935623
230286
177521
547485
389393
600056
396762
265095
194994
287886
266873
171030
67746
826334
481753
146700
40356
494151
412752
333237
601336
930158
637808
427775
988425
734225
282017
896554
515690
172884
496457
289044
780151
925178
85473
229350
347575
31271
414848
166436
910315
458648
943444
678789
727848
870874
931799
568926
313650
809770
231771
593104
703458
219625
956958
471298
56936
376284
653580
566622
217837
289072
878831
386008
978576
183717
694745
320323
418740
210535
174580
466804
278922
813721
696102
747273
551408
74728
241632
901520
172944
52221
953560
254825
257041
630536
667801
487633
89612
212377
518075
409132
22406
668258
495290
462314
777806
714916
196093
188915
712255
911556
933978
10712
342859
609688
171070
606813
214876
864247
103944
69539
227531
206352
663122
803202
863944
868859
847366
276276
561683
348777
810217
581961
135306
380345
527634
568494
97515
794154
782366
238902
490373
569896
347821
816006
783888
138766
781137
304780
317552
723612
693257
466654
427895
737521
977555
694412
210366
386002
553400
314155
923726
763469
821280
175038
879776
908807
450127
290623
2283
457453
836279
644816
925473
637679
487035
398597
105553
279584
218306
904795
296331
153161
629872
967101
854563
759804
336407
970995
87596
891008
910080
724357
176209
61629
442468
96868
746481
489611
869626
799127
689391
357514
631042
332370
431230
754237
627514
148585
837996
85884
502191
651718
527312
188455
521094
27282
918570
677091
290796
338782
402885
475998
102318
301127
90785
255396
870959
261215
683862
917576
781697
507504
242102
417105
355987
108898
27519
708964
775842
754121
727336
216201
816471
862749
688868
91884
852218
745662
309381
654126
248811
613592
29771
722736
835857
476301
112821
190438
412788
497741
4104
234786
500882
264294
712266
943574
545505
729383
594864
503836
748957
64158
890068
874434
378410
9528
693521
188923
527802
601183
366339
59508
64540
998815
982229
104893
251577
102010
644822
287826
410686
378395
924554
400012
752313
353112
377347
661967
306229
499286
94004
84737
241885
271180
553607
421183
904872
511253
693695
372599
718880
353143
948931
72724
599673
774690
607050
485674
992270
589573
299630
45155
28295
924378
453917
30232
762915
113727
645869
644393
708839
554852
92269
86171
770957
164214
119620
295207
738103
795493
855547
280098
631067
357208
168394
550961
813238
727209
893900
22195
888732
489079
101459
984633
567279
609821
794215
742555
172631
246547
610068
879581
235558
175718
14541
915968
340757
106764
566280
370688
426828
121705
844800
700516
880705
252608
246485
335248
108384
782356
300764
510343
159306
741101
400614
726945
63891
47433
36712
508261
236979
683207
515928
809849
662744
370350
113901
964460
975517
499507
813623
342962
465060
365404
17506
980019
258097
559313
698352
425688
919536
783532
68161
570628
409324
192004
899530
390485
743534
603311
547909
158450
202987
649675
465356
833542
99630
131033
797231
696337
390762
404621
805892
953281
719604
347937
339344
690977
650024
789700
691268
435421
938217
116824
607620
265281
72664
315704
677454
544210
580727
250072
695458
642698
782055
790521
858835
962634
824258
945415
625697
435434
470714
475547
901386
926801
407581
497609
123515
154227
32187
200226
726080
974074
420399
779265
56982
927474
199251
914657
184922
810084
50168
717019
998321
88758
499823
274689
842979
226690
276661
525522
543724
894160
478756
160723
658207
225525
272360
222009
579330
207599
2014
251490
361443
802035
474678
109738
810268
351662
705301
668776
812144
586705
357860
673998
741249
559136
947286
95399
824278
46903
150771
685685
115113
784260
193931
86678
257227
916432
40138
260962
284817
574505
72228
16080
662094
305420
331275
523459
40541
438644
775699
178140
351309
221624
645038
57267
629679
664219
112878
3098
236105
492803
682328
633322
625023
798974
522788
656051
263007
611467
262474
534355
148215
738746
629599
485257
215613
291056
944053
616197
624673
1246
706784
978793
657334
638318
830238
845260
311536
832757
246501
536361
31465
448311
367222
908782
603712
778101
203580
415446
490109
173620
288651
260865
174707
628148
780930
743030
797034
859445
531918
533478
870809
217663
555741
934099
542696
351737
750432
94789
534680
500467
147178
476153
411706
428761
84309
380037
31852
217047
602329
340902
934685
349763
174151
756937
259303
939562
826813
418703
375625
315540
962851
593516
607789
890696
585023
760801
166078
737514
674400
485810
460795
860462
671513
91755
782905
104976
276359
7035
915192
78761
725314
496260
833833
422698
235624
68272
431160
880765
6508
548455
922982
819349
892194
689404
323869
117250
681456
188090
103112
358378
513893
546637
63562
426454
487078
635850
949312
171464
697497
700072
838770
504679
780679
144757
572628
201681
77829
313832
752314
553271
461502
484445
512899
820736
951182
909556
54754
291566
979835
663405
519786
735004
309353
195843
884525
888978
653239
591308
361397
151656
80845
200844
933864
667802
61279
190491
596386
647857
986595
488866
464350
538427
422902
525016
889152
60177
823605
883960
959248
864255
920745
693158
804212
5133
247010
725861
679299
721119
256726
902398
615491
851640
956963
818911
628839
871208
368887
698257
647227
765139
618315
945901
214798
105050
659533
178859
343526
748733
523073
260586
700015
806026
452830
961714
732655
725228
871086
781862
201510
367871
693982
458529
925714
689559
410667
593750
76854
793143
429948
172093
690680
303905
576704
564550
39399
626036
468935
864287
158846
725414
231550
589587
834038
836277
131762
531218
629829
844402
428772
367717
741916
878826
755441
219259
446472
453698
405904
720755
497728
679068
110191
518260
948662
431109
58539
915570
673033
352701
756093
911267
123954
152259
908146
791012
448231
311356
592741
571586
489391
178274
493096
588688
105798
399203
547967
662431
210126
136341
504213
815982
414941
620260
857362
176427
725597
749012
169244
715474
907225
460052
419384
825159
122157
736693
397664
220076
805316
68786
292039
481186
362491
608286
385802
35123
546048
755621
832386
878745
32581
78352
271242
566184
111540
334927
658903
513060
535853
79739
437672
692342
428250
478977
173095
610206
649141
980808
761370
218610
254920
321682
516527
108937
760599
529661
101545
422172
252379
808939
898192
286995
407797
122497
490890
208384
175026
888889
469316
255048
606657
875121
396913
667460
408398
677227
177803
640214
398456
871399
106781
88421
536753
453875
995437
455326
191591
499629
689208
57563
842081
504315
686375
649482
598298
978557
936728
725141
517262
33658
36519
96652
32065
905625
412601
644158
655117
273973
363981
850894
638663
310341
123848
749661
34383
38147
645445
237879
966996
800032
704586
984025
129738
640108
545721
232808
221166
839744
461784
842209
596859
33566
161227
577938
466014
366389
869967
994367
784891
528908
183331
544103
35416
62854
824886
339270
537511
204198
57753
623578
542473
697695
704421
110395
101337
68809
241753
260311
764955
893175
479000
602505
409022
115992
554990
382674
816463
98560
507147
337381
681781
846804
936116
77155
31550
285968
923042
947182
60225
494038
630738
570325
174031
308577
979144
803294
395610
160290
200008
167736
367060
968753
26360
736811
234718
407415
996078
814054
150849
637642
680655
855591
842081
649410
27523
110825
496183
856813
771661
736207
870114
754255
790251
899843
906444
39321
276337
917219
344043
684678
843827
423468
658142
754630
349856
462148
505500
199184
639218
596859
332931
247482
921942
312582
477767
192966
984757
637250
353079
557403
726925
620556
471422
117807
247694
223584
18590
480302
353855
329011
56372
826677
130647
398520
7900
377150
752253
1559
296094
316155
196418
556444
672605
191795
847074
618501
471190
718623
452555
794651
944281
465243
757352
497517
414249
265940
642200
271843
837931
521811
314021
986547
614565
44746
276539
884116
595571
480043
414488
198653
38976
526485
226471
195139
989666
471713
873569
530483
526093
223394
83112
544950
410128
865535
839754
604398
856746
290280
936453
648861
509496
182082
860986
107761
463822
461016
958206
416826
343050
659444
210141
3236
549072
819168
700916
802130
636092
76627
118576
450116
360336
386071
323783
379547
738853
674076
336410
493460
303103
334513
895511
936660
621226
51881
558206
263157
854343
696894
274949
205730
784702
992369
20111
278509
484389
558501
592360
651577
819609
451004
996136
424309
992390
767468
626754
563844
954457
226312
798805
813104
511993
859613
972438
421976
170911
346420
527689
973348
126099
540659
252641
431098
770400
971261
622805
63398
745120
710176
444772
589509
920786
462985
738519
313685
575250
511445
265697
216547
841379
477720
575033
121993
674923
72694
43019
793932
899537
177615
140150
562795
213279
516966
309476
980079
174854
343383
6842
111167
927137
459241
144075
265421
793744
736392
213272
675156
28177
764069
207316
382113
233401
660476
784015
258473
424153
107458
80333
273024
685424
503129
501736
682583
773708
242705
825054
850685
831988
39959
474869
719623
150394
138047
368670
215918
574997
118908
66397
400337
330445
102502
658392
320982
913594
574046
436063
950108
866983
865969
673905
410655
399592
499074
911049
635492
5566
439428
300239
226778
426060
9928
689814
696850
477356
797677
569201
287735
906127
115021
719833
525997
502574
966785
177182
556602
818868
393889
338474
627162
454196
794299
828513
852639
672255
469311
950823
653715
750346
16927
836832
720294
363542
457637
759372
67274
580485
921996
644188
312588
120420
689406
486099
71536
432455
291221
504242
646010
934058
859464
322745
801926
179494
197048
386987
606473
55744
711653
564055
256615
124356
522188
535337
778129
629344
437996
344215
529967
510966
679845
385776
565282
687264
815459
125217
43915
58723
454541
596110
483052
807889
131674
908543
638546
827338
208500
339241
538652
862719
655012
542003
881308
914827
148966
807234
321671
950012
922426
315538
861377
7773
213193
115002
375640
16302
412205
435942
160605
749489
49945
871185
550633
359747
25036
723593
132343
121418
153377
785639
423679
546213
791916
729257
382460
929381
646752
473084
292893
223117
774727
268750
46143
122194
740000
752915
329676
279108
826780
588399
820396
34315
653632
782781
394464
978636
500179
696362
636535
125382
845800
411785
635298
296789
703232
531922
385185
256108
608553
309620
796553
745993
447545
699242
620338
240053
460464
731157
776544
99207
862526
449216
44206
713210
876753
928285
328374
36717
239826
468890
155029
535547
662347
58089
804453
973343
465444
459785
291720
375380
714369
670235
239182
817072
5628
373980
302286
150397
202358
76867
250540
315718
504848
233893
353565
601907
573798
43131
64537
251699
172153
759620
732707
775603
266709
151694
455770
350796
808881
597522
3776
299754
189385
836674
926395
772385
486141
375302
23569
210395
207594
830032
905187
454351
139838
204414
927744
558558
883507
806156
835457
115041
823025
513506
463011
646762
190931
828324
21090
970428
232781
486094
71265
736373
216542
20979
524962
224144
211260
579225
428219
824922
620168
957634
730286
514111
65417
662169
538152
733722
289346
885426
449562
810739
389811
24645
561501
502349
663396
296026
21780
794615
347393
977507
414633
471572
159763
641048
159924
590562
110360
773880
891590
876914
598556
391228
167385
199245
408353
707896
9376
620051
773695
147463
776803
231381
384593
830488
237950
529747
245550
635924
264708
303030
244817
887070
462285
475432
229310
271813
964923
967817
13724
812499
123590
896699
890960
537267
57460
605676
283776
855284
335297
974086
248666
299531
795365
966406
570745
964157
317654
120714
546969
444030
364835
274715
253296
567017
972491
700589
105313
609803
388881
181326
988195
241251
562536
991941
648636
658397
475831
320462
860461
386593
215125
524361
559518
930218
553607
246220
489955
235620
842531
622702
295494
934637
702444
538545
254638
823264
390455
842576
90370
445530
916680
211835
849100
778695
109557
403784
205888
771574
860137
560213
789663
351436
895334
363881
46810
41149
810141
754124
244283
868884
939409
150757
464087
104126
462265
355268
239578
611607
165802
371784
665912
656781
998906
534899
68566
398209
888051
85365
484523
983002
782599
87044
723134
827013
318241
361927
354030
315036
992459
946109
142609
208326
568971
375160
54536
839788
688322
657775
219366
252512
353543
79475
575292
190791
234065
385164
929712
890432
637046
178617
767268
550406
696663
745620
157732
846724
58380
56761
260910
220974
65154
737811
160064
280279
905348
805772
676628
143618
660024
780292
769662
125806
310592
610475
536492
623483
44350
562168
679719
63909
910396
306805
962694
634153
589877
370826
737257
827336
831921
677139
589732
277375
203713
199122
133327
406772
560390
290856
368090
270836
38673
585421
30842
16178
516303
630174
881128
42685
308817
632068
937255
449308
264825
225128
67560
938635
73957
409633
646068
612433
963357
749073
628883
886221
677548
160944
670713
580391
437863
981245
39445
369374
846163
334310
261504
563136
879038
890975
579554
632982
161041
793070
839794
278952
876247
483183
767807
172026
440327
545775
42905
479358
537988
934770
80218
301748
467611
199682
175340
744588
48867
494477
76404
442839
318226
183495
194619
54085
585895
272259
180393
859508
959059
31470
817021
992002
359134
407627
835236
535504
114549
397201
22391
829988
418750
20070
336294
956472
871690
115678
382559
714134
795763
880013
869559
875582
992307
191825
182162
977375
500123
44823
912746
143955
448256
827162
189800
875240
909734
588445
590963
951739
50714
119566
576111
321048
385183
556489
868535
286402
406704
679464
160025
603897
291701
764952
3197
83898
723066
680162
627941
571253
350925
662216
373738
331244
300517
20971
527326
483469
57022
46177
796501
159385
693386
927089
683360
139472
727537
703683
532419
852049
934197
606388
990018
872398
936257
368759
902368
497381
892783
483047
474074
473781
31499
956347
9414
532098
899983
322449
906244
593246
417349
964878
626007
931192
371003
894964
75515
396955
743393
149199
210336
366680
363590
335921
208183
506877
170448
282845
235929
36494
865193
858872
619192
857184
350419
18036
793081
878568
391851
538724
294176
115248
766555
616110
453925
26231
113480
291417
852233
786746
239607
950575
524084
622678
488802
636436
532691
224995
167495
101304
115471
715577
84482
863353
149023
89995
691551
348443
875127
6413
72559
425325
704183
348414
126478
128462
838584
26848
500889
872810
148351
211743
443802
714296
748003
769933
857850
149209
510691
898062
837594
638625
325584
50838
495911
458586
844824
219108
795462
811868
25508
368302
48263
106980
622141
447082
209208
354226
499028
801534
315970
114410
807366
137857
923319
952270
249292
999492
707158
953565
299933
576145
303592
134432
880815
911181
671383
82245
837005
16101
115328
970617
766472
343068
779266
247951
9774
36765
633776
222390
160447
537994
306675
46667
986028
33000
468125
655840
226040
726224
884470
960900
223288
972759
774410
696283
759214
58586
39428
931055
809121
544953
550307
651640
929062
205232
801681
945365
229180
393514
399160
404606
888506
809843
174752
201389
959564
975926
873991
266201
742852
772155
338104
138077
696124
367938
499050
354542
844617
433551
800077
171700
966929
561659
849036
520264
558747
811400
611881
897854
601063
416879
42846
68936
25641
990036
858606
934332
150990
164974
346866
131199
992836
367657
385151
77798
912431
723920
84016
316935
641094
238245
84953
562311
739865
89370
11351
493086
590009
845860
460755
709339
329124
798801
215010
980954
401291
62475
460089
28482
845053
373083
532141
541482
111173
602539
407459
462737
582100
691875
242435
1987
990440
859631
308086
827375
412770
585192
729897
493820
859585
568932
766740
221502
656566
94025
531357
534646
147088
241302
622891
123312
792779
733310
847304
502478
556737
807165
623804
712997
954448
981014
900298
246119
401101
206837
63259
596724
4757
20059
865621
940319
190584
348911
120244
972928
387104
541067
427968
328344
901261
126112
814018
296864
118384
246503
765493
509275
303902
739149
337493
969752
166470
878540
613232
854336
321286
551458
407859
492368
667742
631320
704338
475673
94295
792181
267066
223148
472011
945962
106675
715124
81564
909394
7267
276626
165957
668537
901732
35363
95249
598656
702612
527876
104854
683981
718336
660615
744282
5425
15704
588162
897762
297887
220650
112573
347849
960444
592038
203209
472294
642616
200084
232477
655630
986312
763494
52324
39856
473431
474501
36532
533414
183591
898944
5449
405025
589185
757296
825378
906736
959309
449548
501095
14691
253959
518705
2743
144522
601910
309939
109400
263019
726040
531749
609497
251221
494338
137404
311453
532089
264778
81631
909111
218735
108937
177797
679507
419460
414271
751211
365427
599855
431523
387438
625276
810394
158076
399104
966979
321899
712477
583730
558946
197001
138336
994741
295009
895359
187194
485756
578906
126883
821747
398619
381060
939966
108507
901676
588088
501620
422693
991559
793168
125806
127976
27872
857714
467799
141542
503219
885700
920887
219433
102163
992369
852992
307205
285189
727
685040
418437
119947
109528
366187
945410
342703
364012
372243
511731
941691
159818
213733
703907
719600
349038
110692
408594
42528
203623
516208
442186
883657
202161
722285
287114
899625
260865
485821
413201
954439
265318
214925
280116
121580
359840
101223
568733
20341
378534
438383
123401
638865
514023
241862
527789
739855
202411
840471
818546
698046
146223
369389
14093
692880
827545
193879
988847
323480
346316
535655
766076
89793
36800
723894
580493
453431
565064
206146
208100
471031
376978
463080
505087
114451
842244
369272
716528
269117
460508
531496
823785
680360
458753
733636
321840
586185
200387
992542
582698
26774
309937
101415
531923
415856
536587
805261
566041
507904
213195
413020
51971
574980
187105
801150
610257
335215
572477
150501
421702
53528
878552
693343
890727
863250
204428
807979
106639
120153
196614
130690
580358
706823
119062
243306
790497
738549
581491
451412
221974
456231
399613
563557
613779
575407
85161
845990
427694
678510
983139
391432
521216
252990
266647
516236
649434
657300
412148
532093
601373
680415
200869
322894
957025
755213
162041
143744
464203
729496
43428
138115
738239
286536
705784
338960
353442
392960
849877
657588
335310
9925
384479
974793
510483
529148
984736
258797
437668
701315
84538
712255
538328
549083
570179
945381
664953
44775
670903
27371
970399
1503
583282
566142
299033
50990
963641
815298
800175
951602
291094
707716
405094
705787
370478
394962
343093
347489
918560
539412
202185
379741
549379
286867
294580
577449
537007
340620
522704
263748
349923
552153
432878
862037
259516
110252
987429
716503
774869
428112
217216
736978
167518
213947
551949
537415
826732
781505
761725
272070
148410
889624
62535
513767
362843
471785
599588
665254
812206
657256
245276
393871
374065
403848
667465
88680
111695
386600
868119
675829
803637
170878
462485
943046
518391
644881
453083
422627
628389
240361
32261
932672
321922
578436
365966
289591
729892
367359
277990
974246
997090
162977
364012
450262
154816
137145
212403
851557
450769
528928
508499
849683
376591
658732
769419
135221
993073
139253
977912
39669
625149
535026
506447
121897
113626
167370
97493
228311
560134
58433
960039
225381
429471
111424
419387
603119
727687
760195
201944
997263
388397
808681
100488
753719
120239
616071
655963
139282
524243
398029
734510
352364
84792
821210
283545
185774
424052
886385
51474
471733
744554
772719
470603
878715
744683
321564
310631
284436
718396
522374
519694
844654
332889
346231
366162
413048
924852
226855
456578
285508
54939
21730
666333
729131
815988
754297
270119
991914
756276
183216
375719
895773
429304
39574
525777
325726
923450
631518
391775
97413
758110
864182
278203
740190
471811
881090
636614
846998
679098
69432
339077
124558
523117
335621
749443
648779
809852
837711
94790
82482
245043
618437
463940
586948
161484
507523
37505
801641
888054
953907
836380
658051
715944
571201
846318
558832
671028
711723
253077
106960
504779
662839
868435
423195
343991
919683
757803
79215
692680
580426
22695
856796
783584
570362
599041
41599
198791
298450
519950
516529
844516
688963
802965
951106
569413
12480
256320
85775
249727
39143
137636
401120
384431
890977
684475
984810
93823
969271
292639
292291
533207
696126
344412
848061
191173
699662
389187
440314
944323
170509
662963
63448
703905
334409
312962
100028
812989
808003
423474
779605
714590
77187
598047
853250
639204
94728
304976
57261
486196
272120
875140
41868
140700
402535
240064
924315
491712
624790
338274
38929
242059
661943
831780
2112
349646
970204
907058
871253
502102
746915
123098
278778
632864
230330
358286
9898
347801
756977
983837
641633
345267
612
628192
902165
325178
334917
293304
180858
383759
696697
150552
727360
645096
276367
654104
384587
123820
860480
548452
567541
883383
921192
882620
301844
422193
965072
806532
312488
454531
339068
821085
120783
807230
878610
385762
458315
65618
684504
385321
229092
756342
92225
400067
172416
466948
772801
38685
770894
608833
704763
135846
998999
140250
999785
865066
67475
190306
423401
478516
599431
120242
540220
300856
232361
725403
823151
838021
374900
608847
318329
996884
734164
135322
463152
581607
695730
228388
694028
509890
551709
415958
209787
539195
218607
687334
508748
61560
404242
81984
175160
749854
536822
12558
170187
769633
745714
603588
73210
496126
331540
563140
172267
425026
832189
709040
649078
634576
485176
289804
854161
115646
530851
435058
884453
233907
351488
432114
560885
605635
432423
507743
938163
819687
561487
835803
842054
921377
184860
916915
664356
65203
560676
984424
617925
367203
629782
109793
873919
702226
806639
13831
874884
717216
809586
944381
91653
161606
226898
905011
875876
454714
535394
810132
885652
358393
662490
901673
460709
451556
590917
323820
340263
445826
39746
566687
636180
965497
992412
620050
263453
423902
165544
341456
800417
912523
347024
725030
165975
551440
157880
495642
79254
558459
513149
401541
597329
995980
225209
924071
579763
353697
309118
825296
50690
761576
733226
344652
252949
797503
671359
165903
953255
910627
254440
324157
654607
778532
252858
315470
962080
595535
684172
177932
16589
626739
191332
780753
551251
948519
808663
609649
148034
815632
153950
314243
489076
486331
811538
169463
229624
994877
451496
629541
276152
123780
738723
511718
915840
964101
244439
162327
130007
593000
54833
382488
163617
245478
876498
8789
353871
656631
949605
721534
741682
157460
926580
165468
702754
441736
348126
15082
810268
472623
723121
394949
612902
364011
760454
407318
931517
897634
644638
580184
11655
781062
323609
9578
690966
445426
900383
430933
536752
660755
702142
357817
608961
814971
887068
963567
525544
176751
658232
903163
718665
391838
517749
679906
310389
375236
918135
535649
378159
67016
490527
331510
965260
89152
566460
238569
495837
175913
632105
833746
466349
874823
312971
997425
503517
179908
429882
591
342932
559178
898764
200569
439026
101597
481250
829198
111312
869648
45178
572621
328292
356975
474203
616191
516241
842451
726470
409453
278203
332130
882587
731563
975270
780308
591082
414786
663722
844853
865807
307042
286747
910266
873926
726175
990670
557293
82932
30688
98285
4031
132816
431847
203037
692854
274584
4689
327692
806123
108635
801665
731879
889518
867460
197563
323882
56741
288946
669481
772645
774177
105774
905461
678856
106658
205447
842507
235362
781153
763379
26179
952290
942174
780537
525122
89298
214501
747263
520536
708475
921305
645754
1657
305709
278171
86335
433615
363228
603918
749457
819098
654217
697392
978846
903418
784160
426876
343674
538909
585607
733556
421051
408626
183226
989687
856889
196409
675028
37269
258176
30947
385628
398859
167909
918788
681114
650510
563022
715024
145284
135913
176549
225538
459659
23074
985848
837062
473476
150133
789870
576324
184251
690273
25283
247227
83250
686831
132258
21204
98156
774028
162773
690960
893454
860553
93127
868559
975395
246067
989080
50145
786332
516986
240408
348533
770564
254685
777595
628359
153001
771004
564983
370577
992770
271902
61810
812279
394474
264681
974016
304805
509117
515180
998657
380079
123682
719459
294695
929819
268808
4202
264362
263268
329002
299535
550490
868890
735856
259658
187871
380382
842344
497361
730028
265353
434925
558118
227849
346459
426032
62338
299358
808270
218293
119912
509166
359483
947988
803574
322397
72703
968510
478281
108758
775739
270447
503683
787007
691624
708110
757196
54150
611044
370265
854924
217324
630385
319121
906091
857391
608196
610796
667144
623566
528141
416331
809665
194725
71287
224130
469745
402398
702600
262705
224441
353250
842891
605552
371895
915782
304624
48357
444612
387790
864328
626859
427276
948924
309657
615656
774510
355743
945059
253403
186038
361581
241885
167374
771163
429558
760718
786110
633388
444004
948099
956795
263301
685265
507376
906272
928956
961574
939232
903197
289523
654058
912214
484206
727314
203615
1708
44096
827882
566190
470529
943176
237104
78981
802191
78182
415377
651530
819261
573192
783449
596058
421408
816082
263762
981025
133034
266602
338517
324258
627587
753298
311223
327494
86804
797242
954231
519482
168526
386344
242431
655098
269868
144806
328524
443622
8246
769176
762828
769752
659454
811413
477337
674684
68523
539040
235388
381018
909648
940342
13055
794017
385125
292941
361138
74353
735955
523414
191909
546450
411356
742007
966324
284761
158180
679961
683694
675025
516292
830263
158134
587276
334383
5536
126783
45305
842723
896597
108293
971825
872784
784060
653603
844778
401875
103714
864947
452945
805413
293536
267230
351409
222951
207633
696110
488099
886414
402925
97443
537432
874454
833057
587819
634258
491331
96880
939737
954176
904891
578243
490097
626132
385406
73266
111429
155359
948101
320192
633195
267251
249816
963015
941722
139540
234802
519082
898145
895673
432248
274852
82607
826224
911003
994328
526877
116194
422520
200405
419457
254632
228363
134908
86881
543633
353052
702931
264391
880342
233453
368464
309514
17017
898451
497909
85830
360324
490714
756166
744443
774583
461177
990330
18499
838704
842170
114503
48030
26352
969154
291380
425296
118731
623475
694972
816739
326477
815509
689341
249021
828645
148782
288208
762334
855118
311328
698669
810737
564122
409267
406069
485618
506554
589858
834444
402179
236847
31258
307790
128117
489910
588541
176187
50872
300389
449257
139222
516850
289045
708153
35202
519344
820931
316517
748886
114582
175016
716376
26913
349855
820992
599485
650366
234418
752953
883114
328806
931263
403949
134394
157627
388227
892299
962792
79517
509488
157499
725552
871673
534316
532131
946016
140696
6927
984826
228268
421507
334902
756205
74355
938432
20916
202178
935096
778653
893144
820281
698446
236623
917759
111576
336566
777533
335608
671751
669107
137193
285067
326856
682079
144362
309751
68800
563650
792618
389712
301480
910436
804164
870516
280085
287530
935968
460084
205971
721569
804781
438226
440624
256853
85373
145154
379012
45863
553955
1993
691352
853834
221298
218482
333174
104629
320994
803614
478795
614524
750424
278018
157749
278722
476575
289549
120437
505962
115725
230624
188634
51032
778655
388580
776011
529139
216248
841309
886100
181891
826129
421432
341403
206097
8220
591341
633901
244139
361454
949212
72412
392249
393285
87588
32626
607218
209862
859891
697062
246278
482998
248069
750899
553491
99721
163417
978691
221858
854960
766732
756512
974006
469013
851441
795318
939306
412339
175652
571935
603126
335827
546814
880995
84222
78605
913045
35496
859167
791678
267520
712824
772654
87907
107578
405923
171409
720041
398553
55811
136006
105325
137816
33805
585894
301882
304900
241604
744190
982987
95467
303599
809628
107174
448647
158539
246597
76362
321126
409638
526219
528765
318327
269335
724381
951977
678084
83013
500767
53929
842009
809412
593512
291861
478229
925074
217400
933366
323874
543741
414793
568331
478540
564572
227397
531506
573301
210447
703583
644537
722568
24703
133952
253839
263691
140759
464659
505838
272070
703933
970218
574568
127068
780097
586560
342392
968641
298651
668949
701076
738398
247903
860391
887047
176581
193194
405287
998256
987069
227058
450155
166768
670477
157543
762352
960570
682243
834211
587150
134216
524820
57599
705609
527953
749101
64328
203017
52188
723902
319553
811480
578203
523101
599347
760186
941943
627619
260702
454188
405302
160502
737678
639272
232062
78681
629077
58681
89016
955580
191704
687505
47976
90244
386527
476400
565477
791743
87901
767437
73335
755544
105950
736323
769582
103683
614475
20353
500447
662074
831105
416872
